61 78


0 2
0 50
1 4
1 26
2 0
2 41
2 45
3 40
3 49
3 50
4 1
4 60
5 6
5 25
6 5
6 8
7 12
7 28
7 56
8 6
8 14
9 14
9 39
9 47
10 11
10 15
10 16
10 17
10 18
10 20
10 57
11 10
11 12
12 7
12 11
13 14
14 8
14 9
14 13
14 39
14 45
15 10
15 35
16 10
16 23
16 58
17 10
17 59
18 10
18 26
19 22
19 29
19 60
20 10
20 21
20 23
20 46
20 52
21 20
21 23
21 55
22 19
22 55
22 58
23 16
23 20
23 21
23 24
23 27
23 30
23 59
24 23
24 51
25 5
25 26
26 1
26 18
26 25
26 28
26 46
27 23
28 7
28 26
28 45
28 51
28 60
29 19
29 60
30 23
30 33
31 54
31 60
32 40
33 30
33 41
34 38
34 48
35 15
36 37
36 48
36 60
37 36
37 53
38 34
38 60
39 9
39 14
39 43
39 47
40 3
40 32
41 2
41 33
42 47
43 39
44 49
45 2
45 14
45 28
46 20
46 26
47 9
47 39
47 42
48 34
48 36
48 57
49 3
49 44
50 0
50 3
51 24
51 28
52 20
53 37
54 31
55 21
55 22
55 58
56 7
56 60
57 10
57 48
58 16
58 22
58 55
59 17
59 23
60 4
60 19
60 28
60 29
60 31
60 36
60 38
60 56
