81 102


0 2
1 4
1 50
1 56
2 0
2 5
3 70
4 1
4 8
5 2
5 9
5 48
6 7
6 57
6 66
7 6
7 11
7 65
8 4
8 11
8 12
9 5
9 14
10 61
11 7
11 8
11 63
12 8
12 13
12 18
12 62
12 64
13 12
13 14
13 20
14 9
14 13
14 15
15 14
15 16
15 76
15 80
16 15
16 17
16 61
17 16
17 40
17 42
17 62
18 12
19 25
20 13
20 64
21 29
22 23
22 75
23 22
23 25
23 79
24 79
25 19
25 23
25 30
25 80
26 80
27 29
27 60
27 63
27 74
28 31
29 21
29 27
29 31
29 43
29 75
30 25
30 33
31 28
31 29
31 56
32 33
32 58
32 72
33 30
33 32
33 35
33 38
33 72
34 65
35 33
35 37
36 37
37 35
37 36
38 33
38 40
38 49
38 68
39 41
39 45
39 71
40 17
40 38
40 70
40 71
41 39
41 42
41 77
42 17
42 41
42 80
43 29
43 45
43 48
44 45
44 55
44 59
44 78
44 80
45 39
45 43
45 44
45 67
46 47
46 48
47 46
48 5
48 43
48 46
48 49
48 73
49 38
49 48
49 50
49 63
49 69
50 1
50 49
50 67
51 52
52 51
52 54
52 76
53 54
54 52
54 53
55 44
56 1
56 31
56 58
56 70
57 6
58 32
58 56
59 44
59 77
60 27
61 10
61 16
62 12
62 17
62 72
63 11
63 27
63 49
63 74
64 12
64 20
65 7
65 34
66 6
67 45
67 50
68 38
69 49
69 73
70 3
70 40
70 56
70 76
71 39
71 40
72 32
72 33
72 62
73 48
73 69
74 27
74 63
75 22
75 29
76 15
76 52
76 70
77 41
77 59
78 44
79 23
79 24
80 15
80 25
80 26
80 42
80 44
