90 130


0 5
0 29
0 66
0 74
1 6
1 45
2 3
2 5
2 62
2 85
3 2
3 69
3 84
4 5
5 0
5 2
5 4
5 9
5 61
5 78
5 82
6 1
7 8
7 17
7 20
7 50
8 7
8 70
9 5
9 14
10 69
10 77
11 30
11 68
11 89
12 16
13 18
13 44
13 65
14 9
14 19
14 20
14 72
15 51
15 74
15 77
15 89
16 12
16 22
16 74
16 76
17 7
17 56
17 60
17 71
18 13
19 14
19 24
20 7
20 14
20 25
20 55
21 25
21 54
22 16
22 27
23 31
23 32
23 39
23 71
23 74
24 19
24 34
24 47
24 62
25 20
25 21
25 73
26 27
26 29
26 68
27 22
27 26
28 46
28 74
29 0
29 26
29 35
30 11
30 37
30 38
31 23
31 38
31 63
32 23
32 62
32 89
33 34
33 40
33 66
34 24
34 33
34 41
35 29
35 42
35 43
35 45
35 46
35 53
36 42
36 78
37 30
37 44
38 30
38 31
39 23
39 46
39 52
39 57
39 63
39 81
39 87
40 33
40 59
40 89
41 34
41 52
41 63
42 35
42 36
43 35
43 88
44 13
44 37
44 50
44 55
44 64
44 72
45 1
45 35
45 62
46 28
46 35
46 39
46 65
46 68
47 24
47 49
47 79
47 89
48 49
48 74
48 79
49 47
49 48
50 7
50 44
50 61
51 15
51 59
51 62
52 39
52 41
52 53
52 75
53 35
53 52
53 65
53 74
53 76
54 21
55 20
55 44
55 64
55 81
56 17
57 39
58 73
58 80
59 40
59 51
59 76
60 17
61 5
61 50
61 80
62 2
62 24
62 32
62 45
62 51
63 31
63 39
63 41
64 44
64 55
64 82
64 83
64 84
65 13
65 46
65 53
66 0
66 33
67 75
67 83
68 11
68 26
68 46
69 3
69 10
70 8
71 17
71 23
72 14
72 44
73 25
73 58
74 0
74 15
74 16
74 23
74 28
74 48
74 53
75 52
75 67
75 76
76 16
76 53
76 59
76 75
77 10
77 15
78 5
78 36
79 47
79 48
79 87
80 58
80 61
81 39
81 55
82 5
82 64
83 64
83 67
84 3
84 64
85 2
86 88
87 39
87 79
88 43
88 86
89 11
89 15
89 32
89 40
89 47
