100 158



0.9686148394139318 0.24856647575069968 0

0.9817036018948431 -0.19041543536880495 0

-0.12763983141259239 -0.9918205853061153 0

0.24625176678776045 -0.9692058952327449 0

0.9921226837982114 0.12527002950839486 0

0.8764294142657536 0.4815303539859019 0

0.844481500369093 0.5355847230218257 0

0.9823051522551522 0.18728744713136042 0

0.8092041809880323 0.5875275257138919 0

0.7707365385069352 0.6371539752762652 0

0.7292302332994067 0.6842684172472764 0

0.588171730331375 0.8087360605531302 0

0.6377675313475744 0.7702289114015526 0

0.9298468242940358 0.36794684853969956 0

0.482228125460608 0.8760456808949794 0

0.536257036380424 0.84405473219009 0

0.9049219666213144 0.42557753033520557 0

0.3686871937385432 0.9295535235655868 0

0.6848489058005953 0.7286851008657493 0

0.4262980089312686 0.9045827809444728 0

0.06355346631581442 0.9979784350972944 0

0.12606004358268943 0.9920226133571404 0

7.963267107332633E-4 0.9999996829318346 0

0.3096228130570242 0.95085946050647 0

-0.061963952447454666 0.9980783880022097 0

0.24933773080722124 0.9684165921729685 0

-0.1865051519176414 0.9824539827941956 0

-0.36720627001239153 0.9301395353728313 0

-0.12447993599582345 0.9922221250982441 0

-0.2477950630691454 0.9688124724210347 0

-0.48083227715530374 0.8768125918607951 0

-0.5349120700294961 0.8449077330316959 0

-0.5868829485238594 0.8096717882771642 0

-0.636540015162472 0.7712436768602773 0

-0.6836874947744943 0.7297749033016796 0

0.18806962357930496 0.9821556988007241 0

-0.7697207958660344 0.6383806829873212 0

-0.8436274287653162 0.5369290096789531 0

-0.8756613919918114 0.48292559113694034 0

-0.7281395063463958 0.6854289600663419 0

-0.3081080312779926 0.9513513762338285 0

-0.9042430216388256 0.4270182171962765 0

-0.9292596333734771 0.3694273051394428 0

-0.9682177308238609 0.25010882774962917 0

-0.9820056225256848 0.18885168076546793 0

-0.9979275093473159 0.06434816304963699 0

-0.9999987317275395 0.0015926529164868282 0

-0.9919219138384893 0.12684997771773018 0

-0.9923209371941791 -0.12368976354600227 0

-0.80826742726931 0.5888155619677953 0

-0.42485678186496917 0.9052605784542603 0

-0.9981274150937629 -0.06116913632088641 0

-0.982602190323475 -0.18572273843422996 0

-0.9690094910689514 -0.24702349325173872 0

-0.8771952134371165 -0.48013389541149 0

-0.9515964292456911 -0.3073503470745565 0

-0.930431656616355 -0.3664654586262465 0

-0.7717503261399838 -0.6359256513955295 0

-0.7303191105271732 -0.6831061387506326 0

-0.8101388821239991 -0.5862379991700274 0

-0.9055986162285847 -0.424135763977612 0

-0.6860085796766827 -0.7275934500873277 0

-0.638993429806684 -0.769212192222595 0

-0.4836227505726099 -0.8752765477999415 0

-0.4277381546735187 -0.9039026889198267 0

-0.3701671822730666 -0.9289651539040731 0

-0.5894590202148757 -0.8077982814337492 0

-0.9506125981029155 0.31037990967204165 0

-0.3111368094638822 -0.9503651328813763 0

-0.2508797660889424 -0.9680182554927141 0

-0.845333429907609 -0.5342390778299895 0

-0.5376006424912904 -0.8431995903657401 0

-0.06514281897795156 -0.9978759507752484 0

0.1228995126600085 -0.9924191200233561 0

0.18494020717728263 -0.9827497747490069 0

-0.18963361819391963 -0.9818549235252032 0

-0.0023889781122815386 -0.999997146387718 0

0.3657244148510407 -0.9307231878393618 0

0.42341447713035735 -0.9059360797299256 0

0.4794352091973287 -0.8775772787520845 0

0.5335657468500734 -0.8457585907268831 0

0.060374281404746044 -0.9981758092364593 0

0.3065924679690989 -0.9518408788156858 0

0.6825243495443508 -0.7308628546307856 0

0.6353108843650274 -0.7722564860247707 0

0.7687031007937584 -0.639605771417098 0

0.5855926780613822 -0.8106054622323355 0

0.8073286233439505 -0.5901021046645756 0

0.8427712172626698 -0.5382719343915283 0

0.8748911485634127 -0.4843196033255237 0

0.9035617830032933 -0.428457820906457 0

0.9286700853441155 -0.37090682467023045 0

0.9501170649987787 -0.31189351195256765 0

0.7270469324348181 -0.6865877642640605 0

0.9678181663060227 -0.2516505453362813 0

0.9917186278242747 -0.12842960416639845 0

0.9980287279928899 0.06275872928042975 0

0.9978237594137866 -0.0659374335968388 0

1.0 0.0 0

0.951105719935495 0.30886552009893214 0



4 31

4 97

4 99

73 79

73 96

73 97

79 85

2 37

2 46

2 66

2 73

8 78

9 77

3 37

3 38

3 44

3 48

3 88

10 32

10 54

10 75

10 79

11 33

11 82

12 33

12 84

15 76

15 86

15 97

14 35

14 47

6 39

6 40

6 41

6 83

17 41

17 61

17 70

16 46

16 80

7 24

7 51

7 52

19 48

19 58

19 61

19 77

19 79

19 90

13 16

13 34

13 35

13 40

13 43

13 48

13 66

13 75

18 45

18 59

18 61

18 97

24 98

23 61

23 79

25 36

25 53

25 55

25 56

25 83

20 49

20 50

26 35

26 47

26 60

26 64

26 71

21 69

21 71

28 50

28 80

31 42

31 67

31 87

31 88

27 28

27 75

29 49

29 62

29 63

29 64

33 62

33 77

34 74

35 44

35 76

35 90

35 94

36 93

36 98

37 57

22 52

22 53

22 57

22 61

39 64

39 91

42 70

42 97

38 78

30 66

43 90

43 99

44 81

46 91

47 95

48 68

48 97

40 77

40 78

32 38

32 77

51 83

53 87

55 91

56 57

61 69

57 80

57 91

57 93

63 85

64 72

64 93

45 77

45 82

45 86

45 91

59 65

59 93

66 77

66 84

66 87

66 92

74 91

77 94

72 89

75 96

82 95

76 89

1 51

1 56

1 79

1 97

0 1

0 3

0 92

5 66

5 72

5 91

