50 71


0 2
1 17
1 31
2 0
2 49
3 4
3 32
3 36
4 3
4 5
4 35
5 4
5 23
5 46
6 8
6 24
7 11
7 38
7 46
8 6
8 9
8 12
8 14
8 15
8 47
9 8
9 28
9 34
9 47
10 36
11 7
11 29
12 8
12 36
13 43
14 8
14 32
15 8
15 41
16 17
16 19
16 29
16 40
16 43
17 1
17 16
17 18
17 20
17 28
17 36
18 17
18 19
18 35
18 37
18 44
19 16
19 18
19 36
20 17
20 21
20 26
20 41
21 20
22 24
23 5
23 24
23 35
23 36
23 44
24 6
24 22
24 23
24 36
25 28
25 32
25 48
26 20
27 35
28 9
28 17
28 25
29 11
29 16
30 35
31 1
31 40
31 44
32 3
32 14
32 25
32 33
32 36
33 32
33 45
34 9
34 35
35 4
35 18
35 23
35 27
35 30
35 34
35 45
36 3
36 10
36 12
36 17
36 19
36 23
36 24
36 32
37 18
37 40
37 44
38 7
38 42
39 48
40 16
40 31
40 37
41 15
41 20
42 38
43 13
43 16
43 44
43 49
44 18
44 23
44 31
44 37
44 43
45 33
45 35
46 5
46 7
47 8
47 9
48 25
48 39
49 2
49 43
