70 87


0 1
0 2
0 15
1 0
1 59
1 60
1 62
2 0
2 5
3 4
3 59
4 3
4 5
5 2
5 4
5 7
5 62
6 8
6 14
6 29
7 5
7 12
7 44
8 6
8 14
9 64
10 11
10 15
10 16
10 17
10 18
11 10
11 12
12 7
12 11
12 13
13 12
13 14
13 28
14 6
14 8
14 13
14 64
15 0
15 10
15 50
16 10
16 20
16 61
17 10
17 22
18 10
18 22
19 57
20 16
20 32
20 68
21 22
22 17
22 18
22 21
22 27
22 66
23 43
24 25
24 26
25 24
25 28
25 61
26 24
26 28
26 61
27 22
28 13
28 25
28 26
29 6
30 33
30 66
31 33
31 63
32 20
32 33
33 30
33 31
33 32
34 35
34 37
34 51
34 63
34 65
35 34
35 57
36 55
36 61
37 34
37 38
37 41
38 37
38 39
38 53
39 38
39 40
40 39
40 42
40 67
41 37
41 42
41 43
42 40
42 41
43 23
43 41
43 45
44 7
44 46
45 43
45 46
46 44
46 45
46 47
46 52
47 46
47 48
48 47
48 49
48 56
49 48
50 15
50 56
51 34
51 60
52 46
52 53
53 38
53 52
53 58
54 58
54 60
54 67
55 36
56 48
56 50
57 19
57 35
58 53
58 54
59 1
59 3
60 1
60 51
60 54
60 63
61 16
61 25
61 26
61 36
61 63
62 1
62 5
62 69
63 31
63 34
63 60
63 61
64 9
64 14
65 34
66 22
66 30
67 40
67 54
68 20
69 62
