16 19



-0.80826742726931 0.5888155619677953 0

-0.8101388821239993 -0.5862379991700271 0

-0.9999987317275395 0.0015926529164868282 0

-0.30810803127799236 0.9513513762338286 0

1.0 0.0 0

0.3096228130570242 0.95085946050647 0

0.8073286233439505 -0.5901021046645756 0

-0.3111368094638822 -0.9503651328813763 0

0.3065924679690989 -0.9518408788156858 0

0.8092041809880323 0.5875275257138919 0

-0.5581877292736512 0.7700834691008119 0

-0.0022721707473916664 -0.951103005848531 0

-0.7070914744384736 -0.5116701597116388 0

0.8721776014439943 -8.581929835612309E-4 0

7.573908895159298E-4 0.9511054183701493 0

-0.0022721707473916664 -0.951103005848531 0



0 10

1 12

2 12

3 4

3 6

3 10

3 14

4 13

5 14

6 13

7 11

7 12

7 15

8 11

8 15

9 13

10 11

12 13

14 15



0 10 1

1 12 1

2 12 1

3 4 1

3 6 1

3 10 1

3 14 1

4 13 1

5 14 1

6 13 1

7 11 1

7 12 1

7 15 1

8 11 1

8 15 1

9 13 1

10 11 2

12 13 3

14 15 2

