40 41


0 13
0 17
1 13
1 18
1 28
1 34
2 18
3 14
3 18
4 14
5 24
5 25
5 26
6 19
6 20
7 15
7 19
7 21
7 23
8 38
9 20
9 32
9 39
10 15
11 23
12 24
13 0
13 1
13 31
14 3
14 4
15 7
15 10
15 26
15 30
16 35
17 0
18 1
18 2
18 3
19 6
19 7
20 6
20 9
21 7
21 31
21 36
22 23
22 27
23 7
23 11
23 22
23 35
24 5
24 12
24 27
24 36
25 5
25 37
26 5
26 15
26 32
27 22
27 24
28 1
30 15
30 38
31 13
31 21
32 9
32 26
33 34
34 1
34 33
35 16
35 23
36 21
36 24
37 25
38 8
38 30
39 9
